5074.2
5074.2
5074.2
5074.2
4975.9
4975.9
4968.1
4912.7
4912.7
4908.9
4908.9
4896.0
4896.0
4865.0
4813.1
4800.4
4751.4
4751.4
4751.4
4751.4
4751.4
4712.3
4711.5
4711.5
4711.5
4681.5
4681.5
4681.5
4681.5
4674.9
4671.5
4671.5
4651.8
4651.8
4651.8
4646.1
4642.6
4642.6
4642.6
4631.4
4607.4
4607.4
4603.4
4603.4
4603.4
4603.4
4518.4
4491.6
4426.4
4426.4
4426.4
4404.8
4398.5
4376.0
4376.0
4376.0
4361.9
4361.9
4361.9
4361.9
4361.9
4361.9
4319.2
4319.2
4319.2
4319.2
4294.0
4294.0
4294.0
4285.9
4285.9
4285.9
4285.9
4285.9
4281.7
4281.7
4264.4
4262.3
4262.3
4262.3
4262.3
4262.3
4262.3
4262.3
4251.1
4251.1
4251.1
4251.1
4251.1
4244.6
4244.6
4117.3
4117.3
4117.3
4060.5
4060.5
4025.9
3992.9
3990.4
3990.4
3986.3
3986.3
3986.3
3986.3
3986.3
3986.3
3986.3
3986.3
3986.3
3973.4
3973.4
3973.4
3973.4
3973.4
3973.4
3973.4
3973.4
3946.9
3931.4
3879.8
3850.1
3850.1
3850.1
3850.1
3850.1
3850.1
3850.1
3850.1
3850.1
3850.1
3850.1
3850.1
3850.1
3850.1
3850.1
3849.9
3849.9
3849.9
3849.9
3812.9
3812.9
3812.9
3812.9
3796.0
3796.0
3796.0
3785.0
3785.0
3785.0
3784.9
3660.7
3660.7
3660.7
3660.7
3660.7
3660.7
3660.7
3660.7
3660.7
3660.7
3641.3
3641.3
3641.3
3641.3
3641.3
3641.3
3641.3
3641.3
3641.3
3627.6
3627.6
3627.6
3627.6
3627.6
3627.6
3627.6
3627.6
3627.6
3561.7
3510.1
3510.1
3499.7
3499.7
3499.7
3499.7
3499.7
3499.7
3499.7
3489.1
3489.1
3468.7
3468.7
3468.7
3468.7
3461.3
3461.3
3461.3
3456.9
3456.9
3456.9
3456.9
3456.9
3437.0
3437.0
3437.0
3408.4
3391.0
3391.0
3391.0
3391.0
3382.5
3382.5
3301.4
3301.4
3301.4
3301.4
3301.4
3301.4
3301.4
3299.1
3299.1
3299.1
3299.1
3296.9
3284.7
3284.7
3284.7
3261.3
3261.3
3261.3
3261.3
3261.3
3258.7
3258.7
3258.7
3258.7
3205.1
3205.1
3196.3
3183.3
3183.3
3173.4
3173.4
3173.4
3173.4
3173.4
3162.2
3162.2
3162.2
3162.2
3162.2
3162.2
3162.2
3162.2
3162.2
3153.1
3153.1
3153.1
3153.1
3153.1
3153.1
3152.4
3152.4
3152.4
3152.4
3152.4
3152.4
3152.4
3152.4
3152.4
3152.4
3152.4
3152.4
3134.1
3134.1
3134.1
3134.1
3134.1
3134.1
3134.1
3134.1
3134.1
3134.1
3126.5
3126.5
3126.5
3126.5
3126.5
3126.5
3126.5
3126.5
3126.5
3126.5
3126.5
3126.5
3111.1
3111.1
3101.8
3101.8
3101.8
3101.8
3082.4
3082.4
3082.4
3082.4
3053.3
3053.3
3053.3
3053.3
3046.0
3046.0
3046.0
3046.0
3043.1
3043.1
3043.1
3043.1
3043.1
3043.1
3043.1
3043.1
3043.1
3033.3
3033.3
3031.3
3031.3
3022.5
3022.5
3022.5
3022.5
3022.5
3022.5
3022.5
3022.5
3022.5
3022.5
3022.5
3022.5
3022.5
3022.5
3022.5
3022.5
3022.5
3022.5
3022.5
3014.8
3014.8
3014.8
3014.8
3014.8
3014.8
3014.8
3014.8
3014.8
3014.8
3014.8
3014.8
3014.8
3014.8
3014.8
3014.8
3014.8
3014.8
3011.9
3011.9
3011.9
3011.9
3011.9
3011.9
3011.9
3011.9
3011.9
3011.4
3011.4
3011.4
3011.4
3011.4
3011.4
2999.2
2956.0
2951.5
2943.4
2943.4
2943.4
2943.4
2943.4
2943.4
2943.4
2943.4
2943.4
2943.4
2943.4
2943.4
2943.4
2943.4
2943.4
2943.0
2943.0
2941.6
2937.8
2937.8
2937.8
2937.8
2937.8
2937.8
2937.8
2937.8
2937.8
2937.8
2937.8
2933.8
2933.8
2933.8
2926.6
2926.6
2926.6
2926.6
2923.7
2923.7
2923.7
2923.7
2923.7
2923.7
2923.7
2923.7
2923.7
2923.7
2913.2
2913.2
2913.2
2913.2
2886.5
2861.2
2861.2
2861.2
2861.2
2861.2
2815.5
2815.5
2815.5
2815.5
2815.5
2815.5
2810.0
2810.0
2810.0
2799.1
2799.1
2799.1
2799.1
2791.3
2787.7
2787.7
2787.7
2787.7
2787.7
2787.7
2787.7
2787.7
2787.7
2770.3
2770.3
2770.3
2770.3
2770.3
2770.3
2770.3
2770.3
2770.3
2770.3
2770.3
2753.3
2753.3
2753.3
2753.3
2753.3
2750.5
2733.3
2733.3
2733.3
2733.3
2733.3
2733.3
2732.7
2732.7
2732.7
2732.7
2732.7
2732.7
2732.7
2732.7
2732.7
2732.7
2732.7
2732.7
2702.6
2702.6
2702.6
2702.6
2702.6
2702.6
2702.6
2702.6
2702.6
2702.6
2702.6
2702.6
2702.6
2702.6
2702.6
2702.6
2702.6
2702.6
2702.6
2702.6
2702.6
2702.6
2702.6
2702.6
2702.6
2702.6
2696.1
2696.1
2696.1
2676.9
2676.9
2648.3
2647.9
2647.9
2647.9
2647.9
2647.9
2647.9
2647.9
2647.9
2647.9
2647.9
2647.9
2647.9
2647.9
2647.9
2647.9
2647.9
2647.9
2647.9
2647.9
2647.9
2647.9
2647.9
2647.9
2647.9
2647.9
2647.9
2647.9
2647.9
2647.9
2647.9
2647.9
2647.9
2647.9
2647.9
2647.9
2647.9
2647.9
2647.9
2647.9
2616.7
2616.7
2614.7
2614.7
2614.7
2614.7
2614.7
2614.7
2614.7
2614.7
2614.7
2614.7
2603.6
2603.6
2603.6
2603.6
2603.6
2602.1
2575.1
2575.1
2575.1
2575.1
2570.9
2570.9
2570.9
2570.9
2570.9
2570.9
2570.9
2570.9
2570.9
2570.9
2570.9
2570.9
2570.9
2570.9
2570.9
2570.9
2570.9
2570.9
2570.9
2570.9
2570.9
2570.9
2570.9
2570.9
2570.9
2570.9
2570.9
2565.4
2565.4
2565.4
2565.4
2565.4
2565.4
2565.4
2565.4
2565.4
2565.4
2562.1
2562.1
2562.1
2560.8
2560.8
2560.8
2560.8
2560.8
2559.9
2559.9
2557.0
2557.0
2557.0
2557.0
2557.0
2557.0
2557.0
2557.0
2557.0
2557.0
2557.0
2557.0
2557.0
2557.0
2557.0
2557.0
2557.0
2557.0
2556.5
2556.5
2556.5
2556.5
2556.5
2556.5
2556.5
2556.5
2535.7
2535.7
2535.7
2535.7
2535.7
2535.7
2535.7
2535.7
2535.7
2535.7
2535.7
2534.9
2532.5
2532.5
2532.5
2532.5
2532.5
2532.5
2532.5
2532.5
2532.5
2532.5
2532.5
2532.5
2532.5
2532.5
2524.7
2524.7
2524.7
2524.7
2524.7
2518.7
2518.7
2518.7
2498.0
2498.0
2489.0
2489.0
2489.0
2489.0
2489.0
2489.0
2489.0
2489.0
2489.0
2489.0
2489.0
2489.0
2489.0
2489.0
2489.0
2489.0
2489.0
2489.0
2489.0
2489.0
2489.0
2489.0
2489.0
2489.0
2485.0
2485.0
2485.0
2485.0
2485.0
2485.0
2485.0
2485.0
2485.0
2485.0
2485.0
2485.0
2485.0
2485.0
2485.0
2485.0
2485.0
2485.0
2466.7
2466.7
2466.7
2466.7
2466.7
2466.7
2466.7
2466.7
2466.7
2466.7
2446.5
2446.5
2446.5
2446.5
2446.5
2446.5
2446.5
2446.5
2446.5
2445.1
2445.1
2445.1
2444.3
2444.3
2444.3
2444.3
2444.3
2444.3
2444.3
2444.3
2444.3
2444.3
2444.3
2444.3
2444.3
2444.3
2444.3
2444.3
2444.3
2444.3
2444.3
2444.3
2444.3
2444.3
2444.3
2444.3
2433.5
2433.5
2433.5
2433.5
2433.5
2433.5
2433.5
2433.5
2433.5
2433.5
2433.5
2424.3
2424.3
2424.3
2417.0
2417.0
2417.0
2417.0
2417.0
2417.0
2417.0
2417.0
2406.9
2406.9
2406.9
2406.9
2406.9
2406.9
2406.9
2406.9
2406.9
2393.3
2393.3
2393.3
2393.3
2332.3
2332.3
2332.3
2332.3
2331.8
2331.8
2312.4
2312.4
2312.4
2312.4
2312.4
2307.3
2304.0
2304.0
2304.0
2298.9
2298.9
2298.9
2298.9
2298.9
2298.9
2298.9
2298.9
2298.9
2298.9
2298.9
2285.8
2285.8
2285.8
2285.8
2285.8
2285.8
2285.8
2285.8
2285.8
2285.8
2285.8
2285.8
2285.8
2285.8
2285.8
2285.8
2285.8
2285.8
2285.8
2285.8
2285.8
2285.8
2285.8
2285.3
2285.3
2280.0
2280.0
2267.1
2267.1
2267.1
2267.1
2250.0
2250.0
2250.0
2250.0
2235.0
2235.0
2235.0
2235.0
2235.0
2235.0
2215.6
2215.6
2215.6
2215.6
2215.6
2215.6
2215.6
2215.6
2215.6
2215.6
2215.6
2215.6
2215.6
2215.6
2215.6
2215.6
2215.6
2215.6
2215.6
2215.6
2215.6
2215.6
2215.6
2215.6
2215.6
2215.6
2215.6
2215.6
2215.6
2215.6
2215.6
2215.6
2215.6
2215.6
2215.6
2215.6
2215.6
2215.6
2215.6
2215.6
2215.6
2215.6
2215.6
2215.6
2215.6
2215.6
2215.6
2215.6
2215.6
2213.0
2213.0
2213.0
2213.0
2213.0
2213.0
2213.0
2213.0
2213.0
2213.0
2213.0
2213.0
2198.9
2198.9
2198.9
2173.5
2173.5
2173.5
2173.5
2173.5
2173.5
2173.5
2173.5
2173.5
2173.5
2173.5
2173.5
2173.5
2173.5
2173.5
2173.5
2173.5
2173.5
2173.5
2173.5
2173.5
2173.5
2173.5
2173.5
2173.5
2173.5
2173.5
2173.5
2173.5
2173.5
2173.5
2173.5
2173.5
2173.5
2173.5
2173.5
2173.5
2173.5
2173.5
2173.5
2173.5
2173.5
2173.5
2173.5
2173.5
2160.6
2160.6
2160.6
2160.6
2160.6
2160.6
2160.6
2160.6
2160.6
2160.6
2145.7
2110.7
2110.7
2110.7
2110.7
2110.7
2110.7
2110.7
2110.7
2110.7
2110.7
2110.7
2110.7
2110.7
2110.7
2098.8
2098.8
2098.4
2098.4
2098.4
2098.4
2098.4
2098.4
2098.4
2098.4
2098.4
2098.4
2098.4
2098.4
2098.4
2098.4
2097.8
2097.8
2097.8
2097.8
2097.8
2097.8
2097.8
2097.8
2097.8
2097.8
2097.8
2097.8
2097.8
2097.8
2097.8
2097.8
2097.8
2097.8
2097.8
2097.8
2097.8
2097.8
2097.8
2097.8
2097.8
2091.6
2091.6
2091.6
2091.6
2091.6
2091.6
2091.6
2091.6
2091.6
2091.6
2091.6
2091.6
2091.6
2091.6
2091.0
2091.0
2091.0
2068.9
2068.9
2068.9
2068.9
2068.9
2068.9
2068.9
2068.9
2068.9
2068.9
2068.9
2068.9
2068.9
2068.9
2068.9
2068.9
2068.9
2068.9
2068.9
2068.9
2068.9
2068.9
2068.9
2068.9
2068.9
2068.9
2068.9
2068.9
2064.4
2064.4
2064.4
2064.4
2064.4
2064.4
2053.9
2053.9
2026.9
2015.1
2015.1
2015.1
2015.1
2015.1
2015.1
2015.1
2015.1
2015.1
2015.1
2015.1
2015.1
2015.1
2015.1
2015.1
2015.1
2015.1
2015.1
2015.1
2015.1
2015.1
2015.1
2015.1
2015.1
2015.1
2015.1
2015.1
2015.1
2015.1
2015.1
2015.1
1987.9
1987.9
1987.9
1987.9
1987.9
1987.9
1987.9
1987.1
1987.1
1987.1
1987.1
1987.1
1987.1
1987.1
1987.1
1987.1
1987.1
1987.1
1987.1
1987.1
1987.1
1987.1
1987.1
1987.1
1987.1
1987.1
1975.1
1975.1
1975.1
1975.1
1975.1
1975.1
1975.1
1957.7
1957.7
1957.7
1957.7
1957.7
1957.7
1957.3
1957.3
1957.3
1957.3
1957.3
1957.3
1957.3
1957.3
1957.3
1957.3
1957.3
1957.3
1957.3
1957.3
1957.1
1957.1
1957.1
1957.1
1957.1
1957.1
1957.1
1957.1
1957.1
1957.1
1957.1
1957.1
1957.1
1957.1
1957.1
1957.1
1957.1
1957.1
1957.1
1957.1
1957.1
1957.1
1957.1
1957.1
1957.1
1957.1
1957.1
1957.1
1957.1
1957.1
1957.1
1957.1
1957.1
1957.1
1957.1
1957.1
1957.1
1957.1
1951.7
1951.7
1951.7
1951.7
1951.7
1951.7
1951.7
1951.7
1951.7
1951.7
1951.7
1951.7
1951.7
1951.7
1951.7
1951.7
1951.7
1951.7
1951.7
1951.7
1951.7
1951.7
1951.7
1942.5
1942.5
1942.5
1942.5
1942.5
1942.5
1942.5
1942.5
1942.5
1942.5
1942.5
1927.2
1927.2
1927.2
1927.2
1927.2
1927.2
1927.2
1927.2
1927.2
1927.2
1920.7
1920.7
1920.7
1920.7
1920.7
1913.9
1913.9
1913.9
1913.9
1913.9
1913.9
1913.9
1913.9
1913.9
1913.9
1913.9
1913.9
1913.9
1913.9
1913.9
1912.8
1902.2
1902.2
1902.2
1902.2
1902.2
1902.2
1902.2
1902.2
1902.2
1902.2
1902.2
1902.2
1874.6
1874.6
1874.6
1874.6
1874.6
1874.6
1874.6
1874.6
1874.6
1874.6
1874.6
1874.6
1874.6
1874.6
1874.6
1874.6
1874.6
1874.6
1874.6
1874.6
1874.6
1874.6
1874.6
1874.6
1874.6
1874.6
1874.6
1874.6
1874.6
1874.6
1874.6
1874.6
1874.6
1874.6
1874.6
1874.6
1874.6
1874.6
1872.2
1872.2
1872.2
1872.2
1872.2
1872.2
1872.2
1872.2
1872.2
1872.2
1872.2
1872.2
1872.2
1872.2
1872.2
1872.2
1826.0
1826.0
1809.6
1809.6
1809.1
1809.1
1809.1
1809.1
1809.1
1804.4
1804.4
1804.4
1804.4
1804.4
1801.9
1801.9
1801.9
1801.9
1801.9
1801.9
1801.9
1801.9
1801.9
1780.5
1780.5
1780.5
1780.5
1780.5
1780.5
1780.5
1780.5
1780.5
1780.5
1780.5
1780.5
1780.5
1779.0
1779.0
1779.0
1779.0
1779.0
1779.0
1779.0
1779.0
1779.0
1779.0
1779.0
1779.0
1779.0
1779.0
1779.0
1779.0
1779.0
1779.0
1779.0
1779.0
1768.5
1768.5
1768.5
1768.5
1768.5
1768.5
1768.5
1768.5
1768.5
1768.5
1768.5
1768.5
1768.5
1768.5
1768.5
1768.5
1768.5
1768.5
1768.5
1768.5
1768.5
1768.5
1768.5
1768.5
1768.5
1768.5
1768.5
1768.5
1768.5
1768.5
1768.5
1768.5
1759.7
1759.7
1759.7
1759.7
1759.7
1759.7
1759.7
1759.7
1759.7
1759.7
1759.7
1759.7
1759.7
1759.7
1759.7
1759.7
1759.7
1759.7
1759.7
1759.7
1759.7
1759.7
1759.7
1753.5
1753.5
1753.5
1753.5
1753.5
1753.5
1753.5
1753.5
1753.5
1753.5
1753.5
1753.5
1753.5
1753.5
1753.5
1753.5
1753.5
1753.5
1753.5
1753.5
1753.5
1753.5
1753.5
1753.5
1753.5
1753.5
1753.5
1753.5
1753.5
1753.5
1753.5
1753.5
1753.5
1753.5
1753.5
1753.5
1753.5
1753.5
1753.5
1753.5
1753.5
1753.5
1753.5
1753.5
1753.5
1753.5
1753.5
1753.5
1753.5
1753.5
1753.5
1753.5
1753.5
1753.5
1753.5
1753.5
1753.5
1753.5
1753.5
1753.5
1753.5
1753.5
1753.5
1753.5
1753.5
1753.5
1753.5
1753.5
1753.5
1753.5
1753.5
1753.5
1753.5
1753.5
1753.5
1753.5
1753.5
1753.5
1753.5
1753.5
1753.5
1753.5
1753.5
1753.5
1753.5
1753.5
1753.5
1753.5
1753.5
1753.5
1753.5
1753.5
1753.5
1753.5
1753.5
1746.7
1746.7
1746.7
1746.7
1746.7
1746.7
1746.7
1746.7
1746.7
1746.7
1746.7
1746.1
1746.1
1746.1
1746.1
1746.1
1746.1
1727.2
1727.2
1709.0
1709.0
1709.0
1702.9
1702.9
1692.4
1692.4
1688.3
1688.3
1688.3
1688.3
1688.3
1688.3
1688.3
1688.3
1688.3
1688.3
1688.3
1688.3
1688.3
1688.3
1688.3
1688.3
1688.3
1688.3
1688.3
1688.3
1688.3
1688.3
1688.3
1688.3
1688.3
1688.3
1688.3
1688.3
1688.3
1688.3
1688.3
1688.3
1688.3
1688.3
1688.3
1681.6
1681.6
1681.1
1681.1
1681.1
1681.1
1681.1
1681.1
1681.1
1681.1
1681.1
1681.1
1681.1
1681.1
1681.1
1681.1
1681.1
1681.1
1681.1
1681.1
1681.1
1681.1
1681.1
1681.1
1681.1
1681.1
1681.1
1681.1
1681.1
1681.1
1681.1
1681.1
1681.1
1681.1
1681.1
1681.1
1681.1
1681.1
1681.1
1647.0
1647.0
1647.0
1647.0
1647.0
1647.0
1647.0
1647.0
1647.0
1647.0
1647.0
1647.0
1647.0
1647.0
1647.0
1647.0
1647.0
1647.0
1647.0
1647.0
1647.0
1647.0
1647.0
1647.0
1647.0
1626.8
1617.3
1617.3
1617.3
1617.3
1617.3
1617.3
1617.3
1617.3
1617.3
1617.3
1617.3
1617.3
1617.3
1617.3
1617.3
1617.3
1617.3
1617.3
1617.3
1617.3
1617.3
1617.3
1617.3
1617.3
1617.3
1617.3
1617.3
1617.3
1617.3
1617.3
1617.3
1617.3
1617.3
1617.3
1617.3
1610.7
1610.7
1610.7
1610.7
1610.7
1610.7
1610.7
1595.1
1595.1
1595.1
1595.1
1595.1
1595.1
1595.1
1595.1
1595.1
1595.1
1595.1
1595.1
1595.1
1595.1
1595.1
1595.1
1595.1
1594.5
1594.5
1594.5
1594.5
1594.5
1594.5
1594.5
1594.5
1594.5
1594.5
1594.5
1594.5
1594.5
1594.5
1594.5
1594.5
1594.5
1594.5
1594.5
1594.5
1594.5
1594.5
1594.5
1594.5
1594.5
1594.5
1594.5
1594.5
1594.5
1594.5
1594.5
1594.5
1594.5
1594.5
1594.5
1594.5
1594.5
1594.5
1594.5
1594.5
1594.5
1594.5
1594.5
1594.5
1594.5
1594.5
1594.5
1594.5
1594.5
1594.5
1594.5
1594.5
1594.5
1594.5
1594.5
1594.5
1594.5
1594.5
1594.5
1594.5
1594.5
1591.7
1591.7
1591.7
1591.7
1591.7
1591.7
1591.7
1591.7
1591.7
1591.7
1591.7
1591.7
1591.7
1591.7
1588.3
1588.3
1588.3
1588.3
1588.3
1588.3
1588.3
1588.3
1588.3
1588.3
1588.3
1588.3
1588.3
1588.3
1588.3
1588.3
1588.3
1588.3
1588.3
1588.3
1588.3
1588.3
1588.3
1588.3
1588.3
1588.3
1588.3
1588.3
1588.3
1588.3
1588.3
1588.3
1588.3
1588.3
1588.3
1588.3
1588.3
1588.3
1588.3
1588.3
1588.3
1588.3
1588.3
1588.3
1588.3
1588.3
1588.3
1579.0
1579.0
1579.0
1579.0
1579.0
1579.0
1579.0
1579.0
1579.0
1579.0
1579.0
1579.0
1579.0
1579.0
1579.0
1579.0
1579.0
1579.0
1579.0
1579.0
1579.0
1579.0
1579.0
1579.0
1579.0
1579.0
1579.0
1579.0
1579.0
1579.0
1579.0
1579.0
1579.0
1579.0
1579.0
1579.0
1579.0
1579.0
1579.0
1579.0
1579.0
1579.0
1579.0
1579.0
1579.0
1579.0
1579.0
1579.0
1579.0
1579.0
1579.0
1579.0
1579.0
1579.0
1579.0
1579.0
1579.0
1579.0
1571.6
1571.6
1571.6
1571.6
1571.6
1571.6
1571.6
1571.6
1571.6
1571.6
1571.6
1571.6
1571.6
1571.6
1571.6
1571.6
1571.6
1560.7
1560.7
1560.7
1560.7
1560.7
1560.7
1560.7
1560.7
1560.7
1560.7
1560.7
1560.7
1560.7
1560.7
1560.7
1560.7
1560.7
1560.7
1560.7
1560.7
1560.7
1560.7
1560.7
1560.7
1560.7
1560.7
1560.7
1560.7
1560.7
1560.7
1560.7
1560.7
1560.7
1560.7
1560.7
1560.7
1560.7
1560.7
1560.7
1560.7
1560.7
1560.7
1560.7
1560.7
1560.7
1560.7
1560.7
1560.7
1560.7
1560.7
1560.7
1560.7
1560.7
1560.7
1556.0
1556.0
1556.0
1556.0
1556.0
1556.0
1556.0
1556.0
1556.0
1556.0
1556.0
1556.0
1556.0
1556.0
1556.0
1556.0
1556.0
1556.0
1556.0
1556.0
1556.0
1556.0
1556.0
1556.0
1556.0
1556.0
1556.0
1556.0
1553.9
1553.9
1553.9
1553.9
1553.9
1553.9
1553.9
1553.9
1553.9
1553.9
1553.9
1553.9
1553.9
1553.9
1553.9
1553.9
1553.9
1553.9
1553.9
1553.6
1553.6
1553.6
1553.6
1553.6
1553.6
1553.6
1553.6
1553.6
1553.6
1553.6
1553.6
1553.6
1553.6
1553.6
1553.6
1553.6
1553.6
1553.6
1553.6
1553.6
1553.6
1553.6
1553.6
1553.6
1553.6
1550.3
1550.3
1550.3
1550.3
1550.3
1550.3
1550.3
1550.3
1550.3
1550.3
1550.3
1550.3
1550.3
1550.3
1550.3
1550.3
1550.3
1550.3
1550.3
1550.3
1550.3
1550.3
1550.3
1550.3
1550.3
1550.3
1550.3
1550.3
1550.3
1550.3
1550.3
1550.3
1550.3
1550.3
1550.3
1550.3
1550.3
1550.3
1550.3
1550.3
1550.3
1550.3
1550.3
1550.3
1550.3
1550.3
1550.3
1550.3
1550.3
1550.3
1550.3
1550.3
1550.3
1550.3
1550.3
1550.3
1550.3
1550.3
1550.3
1550.3
1550.3
1550.3
1550.3
1550.3
1550.3
1550.3
1550.3
1550.3
1550.3
1550.3
1550.3
1550.3
1550.3
1550.3
1550.3
1550.3
1550.3
1550.3
1550.3
1550.3
1550.3
1550.3
1550.3
1550.3
1550.3
1550.3
1527.0
1527.0
1527.0
1527.0
1527.0
1527.0
1527.0
1527.0
1527.0
1527.0
1527.0
1527.0
1527.0
1527.0
1527.0
1527.0
1527.0
1527.0
1527.0
1527.0
1527.0
1527.0
1527.0
1527.0
1527.0
1527.0
1527.0
1527.0
1527.0
1527.0
1527.0
1527.0
1527.0
1527.0
1527.0
1527.0
1527.0
1527.0
1527.0
1527.0
1527.0
1527.0
1524.7
1524.7
1524.7
1524.7
1524.7
1524.7
1524.7
1524.7
1524.7
1524.7
1524.7
1524.7
1524.7
1524.7
1524.7
1524.7
1524.7
1524.6
1499.6
1499.6
1499.6
1499.6
1493.9
1493.9
1493.9
1493.9
1493.9
1493.9
1493.9
1493.9
1493.9
1493.9
1493.9
1493.9
1493.9
1493.9
1493.9
1493.9
1493.9
1493.9
1493.9
1493.9
1493.9
1493.9
1493.9
1493.9
1493.9
1493.9
1493.9
1493.9
1493.9
1493.9
1493.9
1493.9
1493.9
1493.9
1493.9
1493.9
1493.9
1493.9
1493.9
1493.9
1493.9
1493.9
1493.9
1493.9
1493.9
1493.9
1493.9
1493.9
1493.9
1493.9
1493.9
1493.9
1493.9
1493.9
1493.9
1493.9
1493.9
1493.7
1493.7
1493.7
1493.7
1493.7
1493.7
1493.7
1493.7
1493.7
1493.7
1493.7
1493.7
1493.7
1493.7
1493.7
1493.7
1493.7
1493.7
1493.7
1493.7
1493.7
1493.7
1493.7
1493.7
1493.7
1493.7
1493.7
1493.7
1493.7
1493.7
1493.7
1493.7
1493.7
1493.7
1493.7
1493.7
1493.7
1493.7
1493.7
1493.7
1493.7
1493.7
1493.7
1493.7
1493.7
1493.7
1493.7
1493.7
1493.7
1493.7
1493.7
1491.7
1491.7
1491.7
1491.7
1491.7
1491.7
1491.7
1491.7
1491.7
1491.7
1491.7
1491.7
1491.7
1491.7
1491.7
1491.7
1491.7
1491.7
1491.7
1491.7
1491.7
1491.7
1491.7
1491.7
1491.7
1491.7
1491.7
1491.7
1491.7
1491.7
1491.7
1491.7
1491.7
1491.7
1491.7
1491.7
1491.7
1491.7
1491.7
1491.7
1491.7
1491.7
1491.7
1491.7
1491.7
1491.7
1491.7
1491.7
1491.7
1491.7
1491.7
1491.7
1491.7
1491.7
1491.7
1491.7
1491.7
1491.7
1491.7
1491.7
1491.7
1491.7
1491.7
1491.7
1491.7
1491.7
1491.7
1491.7
1491.7
1491.7
1491.7
1491.7
1491.7
1491.7
1491.7
1491.7
1491.7
1491.7
1491.7
1491.7
1491.7
1491.7
1491.7
1491.7
1491.7
1491.7
1491.7
1491.7
1491.7
1491.7
1491.7
1491.7
1491.7
1491.7
1491.7
1491.7
1491.7
1491.7
1491.7
1491.7
