5019.5
5009.6
5009.6
5006.4
4910.3
4910.3
4895.6
4895.6
4895.6
4895.6
4895.6
4895.6
4895.6
4886.1
4886.1
4886.1
4879.4
4879.4
4879.4
4867.5
4867.5
4817.0
4817.0
4814.3
4814.3
4802.2
4780.1
4767.1
4767.1
4767.1
4767.1
4767.1
4743.8
4743.8
4727.4
4727.4
4701.2
4671.3
4583.4
4578.5
4546.2
4546.2
4546.2
4546.2
4546.2
4546.2
4545.4
4545.4
4524.3
4507.6
4410.5
4410.5
4410.5
4410.5
4394.4
4372.7
4372.7
4367.2
4367.2
4367.2
4360.3
4360.3
4358.0
4358.0
4358.0
4358.0
4358.0
4358.0
4358.0
4345.6
4345.6
4345.6
4345.6
4345.6
4345.6
4338.8
4338.8
4338.8
4338.8
4329.0
4322.9
4254.6
4254.6
4254.6
4254.6
4254.6
4253.6
4253.6
4253.6
4253.6
4228.4
4170.6
4170.6
4166.3
4166.3
4166.3
4166.3
4166.3
4112.9
4112.9
4112.9
4112.9
4104.8
4061.6
4061.6
4012.1
4012.1
4012.1
4005.5
4005.5
4005.5
4005.5
4005.5
4005.5
4005.5
3994.4
3994.4
3987.9
3987.9
3987.9
3884.1
3871.5
3868.0
3866.8
3866.8
3866.8
3866.8
3866.8
3827.8
3827.8
3823.1
3823.1
3823.1
3790.5
3790.5
3790.5
3780.6
3780.6
3780.6
3780.6
3763.0
3763.0
3763.0
3763.0
3763.0
3724.5
3724.5
3724.5
3724.5
3724.5
3724.5
3724.5
3721.2
3718.9
3707.9
3707.9
3707.9
3707.9
3707.9
3707.9
3707.9
3707.9
3707.9
3707.9
3707.9
3707.9
3698.3
3687.6
3687.6
3687.6
3687.6
3687.6
3687.6
3633.7
3633.7
3621.8
3617.5
3617.5
3617.5
3614.2
3614.2
3614.2
3614.2
3614.2
3614.2
3614.2
3614.2
3614.2
3614.2
3614.2
3614.2
3614.2
3614.2
3599.2
3562.2
3562.2
3562.2
3562.2
3562.2
3562.2
3546.5
3546.5
3546.5
3546.5
3542.1
3542.1
3542.1
3542.1
3542.1
3542.1
3542.1
3542.1
3542.1
3542.1
3542.1
3542.1
3513.4
3513.4
3485.1
3485.1
3485.1
3472.9
3472.9
3472.9
3472.9
3424.6
3424.6
3424.6
3424.6
3424.6
3424.6
3424.6
3424.6
3424.6
3424.6
3423.6
3410.9
3410.9
3410.9
3395.4
3377.5
3377.5
3365.0
3365.0
3365.0
3365.0
3365.0
3365.0
3365.0
3365.0
3362.1
3362.1
3362.1
3362.1
3362.1
3347.4
3347.4
3343.1
3343.1
3343.1
3325.6
3325.6
3325.6
3325.6
3325.6
3325.6
3325.6
3325.6
3325.6
3318.9
3318.9
3318.9
3316.3
3316.3
3316.3
3306.9
3296.6
3296.6
3296.6
3296.6
3296.6
3296.6
3296.6
3296.6
3296.6
3296.6
3281.5
3281.5
3281.5
3281.5
3269.5
3269.5
3269.5
3269.5
3269.5
3269.5
3269.5
3269.5
3239.7
3225.7
3154.7
3154.7
3154.7
3130.2
3130.2
3130.2
3130.2
3130.2
3130.2
3121.0
3112.9
3112.9
3112.9
3112.9
3112.9
3112.9
3112.9
3112.9
3112.9
3112.9
3112.9
3112.9
3112.9
3112.9
3112.9
3112.9
3112.9
3112.9
3112.9
3112.0
3112.0
3112.0
3112.0
3112.0
3108.8
3108.8
3108.8
3106.4
3106.4
3106.4
3106.4
3106.4
3106.4
3106.4
3106.4
3060.0
3060.0
3060.0
3039.4
3039.4
3039.4
3039.4
3039.4
3039.4
3039.4
3035.0
3035.0
3035.0
3035.0
3035.0
3035.0
3035.0
3035.0
3035.0
3035.0
3035.0
3035.0
3035.0
3035.0
3035.0
3035.0
3035.0
3035.0
3035.0
3035.0
3035.0
3035.0
3035.0
3035.0
3035.0
3035.0
3035.0
3035.0
3021.6
3021.6
3021.6
3021.6
3021.6
3021.6
3021.6
3021.6
3021.6
3021.6
3021.6
3021.6
3013.1
3013.1
3013.1
3013.1
3013.1
3013.1
3013.1
2989.5
2989.5
2989.5
2989.5
2989.5
2989.5
2989.5
2989.5
2989.5
2989.5
2989.5
2989.5
2989.5
2978.5
2978.5
2978.5
2978.5
2978.5
2976.0
2976.0
2974.8
2974.8
2974.8
2974.8
2974.8
2974.8
2974.8
2974.8
2974.8
2963.9
2963.9
2963.3
2963.3
2963.3
2963.3
2963.3
2963.3
2959.4
2941.3
2941.3
2941.3
2941.3
2941.3
2941.3
2941.3
2940.4
2899.5
2899.5
2899.5
2899.5
2886.4
2875.3
2875.3
2875.3
2875.3
2875.3
2875.3
2875.3
2848.2
2848.2
2848.2
2848.2
2848.2
2828.1
2828.1
2828.1
2828.1
2828.1
2828.1
2828.1
2828.1
2828.1
2827.9
2805.6
2805.6
2773.1
2773.1
2773.1
2773.1
2773.1
2773.1
2773.1
2771.3
2771.3
2771.3
2770.5
2770.5
2770.5
2770.5
2770.5
2770.5
2764.2
2764.2
2764.2
2763.3
2763.3
2761.2
2761.2
2761.2
2761.2
2761.2
2755.3
2755.3
2755.3
2755.3
2755.3
2755.3
2755.3
2755.3
2755.3
2755.3
2755.3
2755.3
2755.3
2754.5
2750.7
2750.7
2750.7
2742.2
2742.2
2740.3
2740.3
2740.3
2740.3
2740.3
2740.3
2740.3
2740.3
2739.0
2739.0
2739.0
2739.0
2739.0
2739.0
2739.0
2739.0
2739.0
2739.0
2739.0
2739.0
2739.0
2739.0
2739.0
2739.0
2739.0
2735.1
2735.1
2735.1
2735.1
2735.1
2730.6
2730.6
2730.6
2730.6
2728.0
2728.0
2720.0
2720.0
2720.0
2696.5
2696.5
2696.5
2696.5
2696.5
2696.5
2696.5
2696.5
2696.5
2696.5
2696.5
2685.4
2685.4
2685.4
2685.4
2685.4
2685.4
2685.4
2685.4
2685.4
2647.8
2647.8
2647.8
2647.8
2647.8
2647.8
2647.8
2647.8
2647.8
2647.8
2647.8
2647.8
2647.8
2647.8
2647.8
2647.8
2647.8
2647.8
2647.8
2647.3
2647.3
2647.3
2647.3
2647.3
2625.9
2625.9
2625.9
2625.9
2625.9
2625.9
2625.9
2625.9
2625.9
2625.9
2625.9
2625.9
2625.9
2615.7
2615.7
2615.7
2615.7
2615.7
2615.7
2609.5
2609.5
2609.5
2609.5
2609.5
2573.6
2573.6
2573.6
2560.6
2560.6
2560.6
2560.6
2560.6
2560.6
2560.6
2560.6
2560.6
2560.6
2560.6
2560.6
2560.6
2560.6
2560.6
2560.6
2560.6
2560.6
2560.6
2560.6
2557.5
2557.5
2557.5
2557.5
2557.5
2557.5
2557.5
2540.7
2540.7
2540.7
2525.4
2525.4
2525.4
2525.4
2525.4
2525.4
2514.0
2514.0
2492.5
2492.5
2477.0
2477.0
2477.0
2477.0
2477.0
2477.0
2477.0
2477.0
2477.0
2477.0
2477.0
2477.0
2477.0
2451.7
2451.7
2451.7
2451.7
2451.7
2451.7
2451.7
2451.7
2437.9
2437.9
2437.9
2437.9
2437.9
2437.9
2416.4
2416.4
2416.4
2401.5
2401.5
2401.5
2401.5
2401.5
2401.5
2401.5
2401.5
2401.5
2401.5
2401.5
2401.5
2401.5
2401.5
2401.5
2401.5
2401.5
2381.6
2381.6
2381.6
2381.6
2381.6
2381.6
2381.6
2376.7
2376.7
2376.7
2376.7
2376.7
2376.7
2376.7
2376.7
2374.5
2374.5
2374.5
2374.5
2364.2
2364.2
2364.2
2364.2
2364.2
2364.2
2354.8
2351.2
2351.2
2351.2
2351.2
2351.2
2351.2
2339.5
2339.5
2339.5
2339.5
2339.5
2339.5
2339.5
2339.5
2339.5
2318.5
2318.5
2318.5
2318.5
2318.5
2318.5
2318.5
2318.5
2318.5
2318.5
2318.5
2318.5
2318.5
2272.2
2272.2
2252.6
2252.6
2252.6
2252.6
2251.6
2251.6
2251.6
2251.6
2251.6
2251.6
2251.6
2251.6
2251.6
2251.6
2251.6
2251.6
2251.6
2251.6
2251.6
2251.6
2251.4
2249.7
2249.7
2249.7
2249.7
2249.7
2249.7
2249.7
2249.7
2249.7
2249.7
2249.7
2249.7
2249.7
2249.7
2249.7
2249.7
2249.7
2249.7
2246.9
2246.9
2246.9
2246.9
2246.9
2240.0
2240.0
2240.0
2240.0
2240.0
2240.0
2239.0
2232.3
2232.3
2232.3
2222.2
2222.2
2222.2
2222.2
2222.2
2222.2
2222.2
2222.2
2222.2
2222.2
2222.2
2222.2
2222.2
2149.6
2149.6
2149.6
2149.6
2149.6
2149.6
2149.6
2149.6
2149.6
2149.6
2149.6
2149.6
2149.6
2149.6
2149.6
2149.6
2149.6
2149.6
2149.6
2149.6
2149.6
2149.6
2149.6
2149.6
2149.6
2149.6
2149.6
2149.6
2149.6
2149.6
2149.6
2149.6
2149.6
2149.6
2149.6
2149.6
2149.6
2149.6
2149.6
2149.6
2149.6
2149.6
2149.6
2122.6
2122.6
2111.4
2111.4
2111.4
2098.9
2098.9
2098.9
2098.9
2098.9
2098.9
2098.9
2098.9
2098.9
2098.9
2098.9
2098.9
2098.9
2098.9
2098.9
2098.9
2098.9
2098.9
2098.9
2098.9
2098.9
2080.6
2080.6
2080.6
2080.6
2080.6
2080.6
2080.6
2080.6
2080.6
2078.8
2078.8
2078.8
2078.8
2078.8
2078.8
2078.8
2078.8
2078.8
2078.8
2078.8
2078.8
2078.8
2078.8
2072.3
2062.8
2062.8
2061.0
2061.0
2053.6
2053.6
2053.6
2053.6
2053.6
2053.6
2053.6
2053.6
2053.6
2053.6
2053.6
2053.6
2053.6
2053.6
2053.6
2053.6
2053.6
2048.3
2048.3
2048.3
2048.3
2048.3
2048.3
2048.3
2048.3
2048.3
2048.3
2048.3
2048.3
2048.3
2048.3
2048.3
2033.4
2033.4
2033.4
2033.4
2033.4
2033.4
2033.4
2033.4
2033.4
2033.4
2033.4
2033.4
2033.4
2033.4
2033.4
2033.4
2033.4
2033.4
2033.4
2033.4
2033.4
2033.4
2033.4
2033.4
2033.4
2033.4
2033.4
2033.4
2033.4
2033.4
2033.4
2033.4
2033.4
2033.4
2033.4
2033.4
2033.4
2023.9
2023.9
2023.9
2023.9
2023.9
2023.9
2023.9
2023.9
2023.9
2023.9
2023.9
2023.9
2023.9
2023.9
2023.9
2023.9
2023.9
2023.9
2023.9
2023.9
2023.9
2023.9
2022.5
2022.5
2022.5
2022.5
2005.6
2005.6
2005.6
2005.6
2005.6
2005.6
2005.6
2005.6
2005.6
2005.6
2005.6
2005.6
2005.6
2005.6
2005.6
2005.6
2005.6
2005.6
2005.6
2005.6
2005.6
2005.6
2005.6
2005.6
1980.5
1980.5
1973.8
1973.8
1973.8
1973.8
1973.8
1973.8
1973.8
1973.8
1973.8
1973.8
1973.8
1973.8
1973.8
1973.8
1973.8
1973.8
1973.8
1973.8
1973.8
1973.8
1973.8
1973.8
1973.8
1973.8
1973.8
1973.8
1973.8
1973.8
1973.8
1973.8
1973.8
1973.8
1973.8
1973.8
1973.8
1973.8
1973.8
1973.8
1973.8
1973.8
1973.8
1973.8
1973.8
1949.3
1899.2
1899.2
1899.2
1899.2
1899.2
1899.2
1899.2
1899.2
1899.2
1899.2
1899.2
1899.2
1899.2
1899.2
1899.2
1899.2
1899.2
1899.2
1899.2
1891.0
1891.0
1891.0
1891.0
1891.0
1891.0
1891.0
1891.0
1891.0
1891.0
1891.0
1891.0
1891.0
1891.0
1891.0
1891.0
1853.0
1849.6
1849.6
1849.6
1849.6
1849.6
1849.6
1849.6
1849.6
1849.6
1849.6
1849.6
1849.6
1849.6
1849.6
1849.6
1849.6
1849.6
1849.6
1849.6
1849.6
1849.6
1849.6
1849.6
1849.6
1849.6
1849.6
1849.6
1849.6
1849.6
1845.5
1845.5
1845.5
1845.5
1845.5
1845.5
1845.5
1845.5
1845.5
1845.5
1845.5
1839.2
1839.2
1839.2
1839.2
1839.2
1839.2
1839.2
1839.2
1839.2
1839.2
1839.2
1839.2
1839.2
1839.2
1839.2
1839.2
1839.2
1839.2
1839.2
1839.2
1839.2
1839.2
1839.2
1832.2
1832.2
1832.2
1832.2
1832.2
1832.2
1832.2
1832.2
1832.2
1832.2
1832.2
1832.2
1832.2
1824.8
1824.8
1824.8
1824.8
1824.8
1824.8
1824.8
1824.8
1824.8
1824.8
1824.8
1824.8
1822.6
1822.6
1822.6
1822.6
1822.6
1822.6
1822.6
1822.6
1822.6
1822.6
1822.6
1822.6
1822.6
1822.6
1822.6
1822.6
1822.6
1822.6
1822.6
1822.6
1822.6
1822.6
1822.6
1822.6
1822.6
1822.6
1822.6
1822.6
1822.6
1822.6
1822.6
1822.6
1822.6
1822.6
1822.6
1822.6
1822.6
1822.6
1822.6
1822.6
1822.6
1822.6
1822.6
1822.6
1822.6
1822.6
1822.6
1818.3
1818.3
1818.3
1818.3
1818.3
1818.3
1818.3
1818.3
1818.3
1818.3
1818.3
1818.3
1818.3
1818.3
1784.6
1784.6
1778.1
1778.1
1778.1
1778.1
1778.1
1778.1
1778.1
1778.1
1778.1
1778.1
1778.1
1778.1
1778.1
1778.1
1778.1
1778.1
1778.1
1778.1
1778.1
1778.1
1778.1
1778.1
1778.1
1778.1
1778.1
1778.1
1778.1
1778.1
1778.1
1778.1
1778.1
1778.1
1778.1
1778.1
1778.1
1778.1
1778.1
1778.1
1778.1
1778.1
1778.1
1778.1
1778.1
1778.1
1778.1
1778.1
1778.1
1778.1
1778.1
1778.1
1778.1
1778.1
1778.1
1778.0
1778.0
1778.0
1778.0
1778.0
1778.0
1778.0
1778.0
1778.0
1778.0
1778.0
1778.0
1778.0
1778.0
1778.0
1778.0
1778.0
1778.0
1778.0
1778.0
1778.0
1778.0
1778.0
1778.0
1778.0
1778.0
1778.0
1778.0
1778.0
1778.0
1778.0
1778.0
1778.0
1778.0
1778.0
1778.0
1778.0
1778.0
1778.0
1778.0
1778.0
1778.0
1778.0
1778.0
1778.0
1778.0
1778.0
1778.0
1778.0
1778.0
1778.0
1778.0
1778.0
1778.0
1778.0
1735.6
1735.6
1735.6
1735.6
1735.6
1735.6
1735.6
1735.6
1735.6
1735.6
1735.6
1732.1
1732.1
1732.1
1732.1
1732.1
1732.1
1732.1
1732.1
1732.1
1732.1
1732.1
1732.1
1732.1
1732.1
1732.1
1721.0
1714.5
1714.5
1714.5
1714.5
1714.5
1714.5
1714.5
1714.5
1714.5
1714.5
1714.5
1714.5
1714.5
1714.5
1714.5
1697.1
1697.1
1697.1
1697.1
1697.1
1697.1
1697.1
1697.1
1697.1
1697.1
1697.1
1697.1
1697.1
1697.1
1697.1
1697.1
1697.1
1697.1
1697.1
1697.1
1697.1
1697.1
1697.1
1697.1
1697.1
1697.1
1697.1
1697.1
1697.1
1697.1
1697.1
1697.1
1697.1
1697.1
1697.1
1697.1
1697.1
1697.1
1697.1
1697.1
1697.1
1697.1
1697.1
1697.1
1697.1
1697.1
1697.1
1697.1
1697.1
1697.1
1697.1
1697.1
1697.1
1697.1
1697.1
1697.1
1697.1
1697.1
1697.1
1697.1
1697.1
1697.1
1697.1
1697.1
1697.1
1697.1
1697.1
1697.1
1697.1
1697.1
1697.1
1697.1
1697.1
1697.1
1697.1
1697.1
1697.1
1697.1
1697.1
1692.5
1692.5
1692.5
1692.5
1692.5
1692.5
1692.5
1692.5
1692.5
1692.5
1692.5
1692.5
1692.5
1692.5
1692.5
1692.5
1692.5
1692.5
1692.5
1692.5
1692.5
1692.5
1692.5
1692.5
1692.5
1692.5
1692.5
1692.5
1689.7
1687.0
1687.0
1687.0
1687.0
1687.0
1664.6
1664.6
1664.6
1664.6
1664.6
1664.6
1664.6
1664.6
1664.6
1664.6
1664.6
1664.6
1664.6
1664.6
1664.6
1664.6
1664.6
1664.6
1651.3
1651.3
1651.3
1649.5
1649.5
1649.5
1649.5
1649.5
1649.5
1649.5
1649.5
1649.5
1649.5
1649.5
1649.5
1649.5
1649.5
1646.1
1646.1
1646.1
1646.1
1646.1
1646.1
1646.1
1646.1
1646.1
1646.1
1646.1
1646.1
1646.1
1646.1
1615.8
1610.5
1610.5
1610.5
1610.5
1610.5
1610.5
1610.5
1610.5
1610.5
1610.5
1610.5
1610.5
1610.5
1610.5
1610.5
1610.5
1610.5
1610.5
1610.5
1604.2
1604.2
1604.2
1604.2
1604.2
1604.2
1604.2
1604.2
1604.2
1604.2
1604.2
1604.2
1604.2
1604.2
1604.2
1604.2
1604.2
1604.2
1604.2
1604.2
1604.2
1604.2
1604.2
1604.2
1604.2
1604.2
1604.2
1604.2
1604.2
1604.2
1604.2
1604.2
1604.2
1604.2
1604.2
1604.2
1604.2
1604.2
1604.2
1604.2
1594.1
1594.1
1594.1
1594.1
1594.1
1594.1
1594.1
1594.1
1594.1
1594.1
1594.1
1594.1
1594.1
1594.1
1594.1
1594.1
1594.1
1594.1
1594.1
1594.1
1594.1
1594.1
1594.1
1594.1
1594.1
1594.1
1594.1
1594.1
1594.1
1594.1
1594.1
1594.1
1594.1
1594.1
1594.1
1594.1
1594.1
1594.1
1594.1
1594.0
1594.0
1594.0
1594.0
1594.0
1594.0
1594.0
1594.0
1594.0
1594.0
1594.0
1594.0
1594.0
1594.0
1594.0
1594.0
1594.0
1594.0
1594.0
1594.0
1594.0
1594.0
1594.0
1594.0
1565.6
1565.6
1565.6
1565.6
1565.6
1565.6
1565.6
1565.6
1565.6
1565.6
1565.6
1565.6
1565.6
1565.6
1565.6
1565.6
1565.6
1565.6
1565.6
1565.6
1565.6
1565.6
1565.6
1565.6
1565.6
1548.6
1548.6
1548.6
1548.6
1548.6
1548.6
1548.6
1548.6
1548.6
1548.6
1548.6
1548.6
1548.6
1548.6
1548.6
1548.6
1548.6
1548.6
1548.6
1548.6
1548.6
1548.6
1548.6
1548.6
1548.6
1548.6
1548.6
1548.6
1548.6
1548.6
1548.6
1548.6
1548.6
1548.6
1548.6
1546.6
1546.6
1546.6
1546.6
1546.6
1546.6
1546.6
1546.6
1546.6
1546.6
1546.6
1546.6
1546.6
1546.6
1546.6
1546.6
1546.6
1546.6
1546.6
1546.6
1546.6
1532.8
1529.1
1529.1
1529.1
1529.1
1529.1
1529.1
1529.1
1529.1
1529.1
1529.1
1529.1
1529.1
1529.1
1529.1
1529.1
1529.1
1529.1
1529.1
1529.1
1529.1
1529.1
1529.1
1529.1
1529.1
1529.1
1529.1
1529.1
1529.1
1529.1
1529.1
1529.1
1529.1
1529.1
1529.1
1529.1
1529.1
1529.1
1529.1
1529.1
1529.1
1529.1
1529.1
1529.1
1529.1
1529.1
1525.2
1525.2
1525.2
1525.2
1525.2
1525.2
1525.2
1522.6
1522.6
1522.6
1522.6
1522.6
1522.6
1522.6
1522.6
1522.6
1522.6
1522.6
1522.6
1522.6
1522.6
1522.6
1522.6
1522.6
1522.6
1522.6
1522.6
1522.6
1522.6
1522.6
1522.6
1522.6
1522.6
1522.6
1522.4
1522.4
1522.4
1522.4
1522.4
1522.4
1522.4
1522.4
1522.4
1522.4
1520.4
1520.4
1520.4
1520.4
1520.4
1519.1
1519.1
1519.1
1519.1
1519.1
1519.1
1511.7
1511.7
1511.7
1511.7
1511.7
1511.7
1511.7
1511.7
1511.7
1511.7
1511.7
1511.7
1511.7
1511.7
1511.7
1511.7
1511.7
1511.7
1511.7
1511.7
1511.7
1511.7
1511.7
1511.7
1511.7
1511.7
1511.7
1511.7
1511.7
1511.7
1511.7
1511.7
1511.7
1511.7
1511.7
1511.7
1511.7
1511.7
1511.7
1511.7
1511.7
1511.7
1511.7
1511.7
1511.7
1511.7
1511.7
1511.7
1511.7
1511.7
1511.7
1511.7
1511.7
1511.7
1511.7
1511.7
1511.7
1511.7
1511.7
1511.7
1511.7
1511.7
1511.7
1511.7
1511.7
1511.7
1511.7
1503.9
1503.9
1503.9
1503.9
1503.9
1503.9
1503.9
1503.9
1503.9
1503.9
1503.9
1503.9
1503.9
1503.9
1503.9
1503.9
1503.9
1503.9
1503.9
1503.9
1503.9
1503.9
1503.9
1503.9
1503.9
1503.9
1503.9
1503.9
1503.9
1503.9
1503.9
1503.9
1503.9
1503.9
1503.9
1503.9
1503.9
1503.9
1503.9
1503.9
1503.9
1503.9
1503.9
1503.9
1503.9
1503.9
1503.9
1503.9
1503.9
1502.8
1502.8
1502.8
1502.8
1502.8
1502.8
1502.8
1500.4
1500.4
1500.4
1500.4
1492.4
1492.4
1492.4
1492.4
1492.4
1492.4
1492.4
1492.4
1492.4
1488.5
1488.5
1488.5
1488.5
1488.5
1488.5
1488.5
1488.5
1488.5
1488.5
1488.5
1488.5
1488.5
1488.5
1488.5
1488.5
1486.4
1486.4
1486.4
1486.4
1486.4
1486.4
1486.4
1486.4
1486.4
1486.4
1476.1
1476.1
1476.1
1476.1
1476.1
1476.1
1476.1
1476.1
1476.1
1476.1
1476.1
1476.1
1476.1
1476.1
1476.1
1476.1
1476.1
1476.1
1476.1
1476.1
1476.1
1476.1
1476.1
1476.1
1476.1
1476.1
1476.1
1476.1
1476.1
1476.1
1476.1
1476.1
1476.1
1476.1
1476.1
1476.1
1476.1
1476.1
1476.1
1476.1
1476.1
1476.1
1476.1
1476.1
1476.1
1476.1
1476.1
1476.1
1476.1
1476.1
1476.1
1476.1
1476.1
1468.6
1468.6
1468.6
1468.6
1468.6
1463.5
1463.5
1463.5
1463.5
1463.5
1463.5
1463.5
1463.5
1463.5
1463.5
1463.5
1463.5
1463.5
1463.5
1463.5
1463.5
1463.5
1463.5
1463.5
1463.5
1463.5
1463.5
1463.5
1463.5
1463.5
1463.5
1463.5
1463.5
1463.5
1463.5
1463.5
1463.5
1463.5
1463.5
1463.5
1463.5
1463.5
1463.5
1463.5
1463.5
1463.5
1463.5
1443.9
1443.9
1443.9
1443.9
1443.9
1443.9
1443.9
1443.9
1443.9
1443.9
1443.9
1443.9
1443.9
1443.9
1443.9
1443.9
1443.9
1443.9
1443.9
1443.9
1443.9
1443.9
1443.9
1443.9
1443.9
1443.9
1443.9
1443.9
1443.9
1443.9
1443.9
1443.9
1443.9
1443.9
1443.9
1443.9
1443.9
1443.9
1443.9
1443.9
1443.9
1443.9
1443.9
1443.9
1443.9
1443.9
1443.9
1443.9
1443.9
1443.9
1443.9
1443.9
1443.9
1443.9
1443.9
1443.9
1443.9
1443.9
1443.9
1443.9
1443.9
1443.9
1443.9
1443.9
1443.9
1443.9
1443.9
1443.9
1438.9
1438.9
1438.9
1438.6
1438.6
1438.6
1438.6
1438.6
1438.6
1438.6
1438.6
1438.6
1438.6
1438.6
1438.6
1438.6
1438.6
1438.6
1438.6
1438.6
1438.6
1438.6
1438.6
1438.6
1438.6
1438.6
1438.6
1438.6
1438.6
1438.6
1438.6
1438.6
1438.6
1438.6
1438.6
1438.6
1438.6
1438.6
1438.6
1438.6
1438.6
1438.6
1438.6
1438.6
1438.6
1438.6
1438.6
1438.6
1438.6
1438.6
1438.6
1438.6
1438.6
1438.6
1438.6
1438.6
1438.6
1438.6
1438.6
1438.6
1438.6
1438.6
1438.6
1438.6
1438.6
1438.6
1438.6
1438.6
1438.6
1438.6
1438.6
1438.6
1438.6
1438.6
1438.6
1438.6
1438.6
1438.6
1438.6
1438.6
1438.6
1438.6
1438.6
1438.6
1438.6
1438.6
1427.0
1427.0
1427.0
1427.0
1427.0
1427.0
1427.0
1427.0
1427.0
1427.0
1427.0
1427.0
1427.0
1427.0
1427.0
1427.0
1427.0
1427.0
1427.0
1427.0
1427.0
1427.0
1427.0
1427.0
1427.0
1427.0
1427.0
1427.0
1427.0
1427.0
1427.0
1427.0
1427.0
1427.0
1427.0
1427.0
1427.0
1427.0
1427.0
1427.0
1427.0
1395.9
1395.9
1395.9
1395.9
1395.9
1395.9
1395.9
1395.9
1395.9
1395.9
1395.9
1395.9
1395.9
1395.9
1395.9
1395.9
1395.9
1395.9
1395.9
1395.9
1395.9
1395.9
1395.9
1395.9
1395.9
1395.9
1395.9
1395.9
1395.9
1395.9
1395.9
1395.9
1395.9
1395.9
1395.9
1395.9
1395.9
1395.9
1395.9
1395.9
1395.9
1395.9
1395.9
1395.9
1395.9
1395.9
1395.9
1395.9
1395.9
1395.9
1395.9
1395.9
1395.9
1395.9
1395.9
1395.9
1378.4
1378.4
1375.2
1375.2
1375.2
1375.2
1375.2
1372.6
1372.6
1372.6
1372.6
1372.6
1372.6
1372.6
1372.6
1372.6
1372.6
1372.6
1372.6
1372.6
1372.6
1372.6
1372.6
1372.6
1372.6
1372.6
1372.6
1372.6
1372.6
1372.6
1372.6
1372.6
1372.6
1372.6
1372.6
1372.6
1372.6
1372.6
1372.6
1372.6
1372.6
1372.6
1372.6
1372.6
1372.6
1372.6
1372.6
1372.6
1372.6
1372.6
1372.6
1372.6
1372.6
1372.6
1372.6
1372.6
1372.6
1372.6
1372.6
1372.6
1372.6
1372.6
1372.6
1372.6
1372.6
1372.6
1364.3
1364.3
1364.3
1364.3
1364.3
1364.3
1364.3
1364.3
1360.8
1360.8
1360.8
1360.8
1360.8
1360.8
1360.8
1360.8
1360.8
1360.8
1360.8
1360.8
1360.8
1360.8
1360.8
1360.8
1360.8
1360.8
1360.8
1360.8
1360.8
1360.8
1360.8
1360.8
1360.8
1360.8
1360.8
1360.8
1360.8
1360.8
1360.8
1360.8
1360.8
1360.8
1360.8
1360.8
1328.3
1328.3
1328.3
1328.3
1328.3
1328.3
1328.3
1328.3
1328.3
1328.3
1328.3
1328.3
1328.3
1328.3
1328.3
1328.3
1328.3
1328.3
1328.3
1328.3
1328.3
1328.3
1328.3
1328.3
1328.3
1328.3
1328.3
1328.3
1328.3
1328.3
1328.3
1328.3
1328.3
1328.3
1328.3
1328.3
1328.3
1328.3
1328.2
1328.2
1328.2
1328.2
1324.5
1324.5
1321.3
1321.3
1321.3
1321.3
1318.5
1318.5
1318.5
1318.5
1318.5
1318.5
1318.5
1318.5
1318.5
1318.5
1318.5
1318.5
1318.5
1318.5
1318.5
1318.5
1318.5
1318.5
1318.5
1318.5
1318.5
1318.5
1318.5
1318.5
1318.5
1318.5
1318.5
1318.5
1311.4
1311.4
1311.4
1311.4
1311.4
1311.4
1311.4
1311.4
1311.4
1311.4
1311.4
1311.4
1311.4
1311.4
1311.4
1311.4
1311.4
1311.4
1311.4
1311.4
1311.4
1311.4
1311.4
1311.4
1311.4
1311.4
1311.4
1311.4
1311.4
1311.4
1311.4
1311.4
1311.4
1311.4
1311.4
1311.4
1311.4
1311.4
1311.4
1311.4
1311.4
1311.4
1311.4
1311.4
1311.4
1311.4
1311.4
1311.4
1311.4
1311.4
1311.4
1311.4
1311.4
1311.4
1311.4
1311.4
1311.4
1311.4
1311.4
1311.4
1311.4
1311.4
1311.4
1311.4
1311.4
1311.4
1311.4
1311.4
1311.4
1311.4
1311.4
1311.4
1311.4
1311.4
1311.4
1311.4
1311.4
1311.4
1311.4
1311.4
1311.4
1311.4
1311.4
1311.4
1311.4
1311.4
1311.4
1311.4
1311.4
1311.4
1311.4
1311.4
1311.4
1311.4
1311.4
1311.4
1311.4
1311.4
1311.4
1311.4
